Connectivity 
282
1 3 12 163 173 174 
3 4 13 164 175 176 
3 13 12 176 177 173 
4 5 14 165 178 179 
4 14 13 179 180 175 
5 6 15 166 181 182 
5 15 14 182 183 178 
6 7 16 167 184 185 
6 16 15 185 186 181 
7 8 17 168 187 188 
7 17 16 188 189 184 
8 9 18 169 190 191 
8 18 17 191 192 187 
9 10 19 170 193 194 
9 19 18 194 195 190 
10 11 20 171 196 197 
10 20 19 197 198 193 
11 2 21 172 199 200 
11 21 20 200 201 196 
3 1 22 163 202 203 
4 3 23 164 204 205 
3 22 23 203 206 204 
5 4 24 165 207 208 
4 23 24 205 209 207 
6 5 25 166 210 211 
5 24 25 208 212 210 
7 6 26 167 213 214 
6 25 26 211 215 213 
8 7 27 168 216 217 
7 26 27 214 218 216 
9 8 28 169 219 220 
8 27 28 217 221 219 
10 9 29 170 222 223 
9 28 29 220 224 222 
11 10 30 171 225 226 
10 29 30 223 227 225 
2 11 31 172 228 229 
11 30 31 226 230 228 
21 2 32 199 231 232 
12 13 33 177 233 234 
15 16 34 186 235 236 
16 17 35 189 237 238 
16 35 34 238 239 235 
17 18 36 192 240 241 
17 36 35 241 242 237 
18 19 37 195 243 244 
18 37 36 244 245 240 
19 20 38 198 246 247 
19 38 37 247 248 243 
24 23 39 209 249 250 
25 24 40 212 251 252 
24 39 40 250 253 251 
26 25 41 215 254 255 
25 40 41 252 256 254 
27 26 42 218 257 258 
26 41 42 255 259 257 
28 27 43 221 260 261 
27 42 43 258 262 260 
29 28 43 224 261 263 
30 29 44 227 264 265 
1 12 45 174 266 267 
13 14 46 180 268 269 
13 46 33 269 270 233 
14 15 47 183 271 272 
46 14 47 268 272 273 
15 34 47 236 274 271 
39 23 48 249 275 276 
23 22 48 206 277 275 
20 21 49 201 278 279 
20 49 38 279 280 246 
12 33 50 234 281 282 
12 50 45 282 283 266 
29 43 44 263 284 264 
49 21 51 278 285 286 
21 32 51 232 287 285 
39 48 52 276 288 289 
34 35 53 239 290 291 
37 38 54 248 292 293 
30 44 55 265 294 295 
50 33 56 281 296 297 
41 40 57 256 298 299 
42 41 58 259 300 301 
41 57 58 299 302 300 
43 42 59 262 303 304 
42 58 59 301 305 303 
44 43 59 284 304 306 
35 36 60 242 307 308 
35 60 53 308 309 290 
36 37 61 245 310 311 
60 36 61 307 311 312 
37 54 61 293 313 310 
40 39 62 253 314 315 
57 40 62 298 315 316 
39 52 62 289 317 314 
48 22 63 277 318 319 
63 22 64 318 320 321 
22 1 64 202 322 320 
64 1 45 322 267 323 
30 55 31 295 324 230 
31 55 65 324 325 326 
31 65 66 326 327 328 
31 66 2 328 329 229 
66 65 67 327 330 331 
2 66 32 329 332 231 
32 66 68 332 333 334 
66 67 68 331 335 333 
32 68 69 334 336 337 
32 69 51 337 338 287 
65 55 70 325 339 340 
67 65 70 330 340 341 
68 67 71 335 342 343 
63 64 72 321 344 345 
72 64 73 344 346 347 
73 64 45 346 323 348 
73 45 74 348 349 350 
74 45 75 349 351 352 
45 50 75 283 353 351 
73 74 76 350 354 355 
63 72 77 345 356 357 
72 73 78 347 358 359 
34 53 79 291 360 361 
34 79 47 361 362 274 
67 70 80 341 363 364 
50 56 81 297 365 366 
50 81 75 366 367 353 
73 76 78 355 368 358 
48 63 82 319 369 370 
63 77 82 357 371 369 
69 68 83 336 372 373 
68 71 83 343 374 372 
44 59 84 306 375 376 
49 51 85 286 377 378 
51 69 86 338 379 380 
51 86 85 380 381 377 
71 67 87 342 382 383 
67 80 87 364 384 382 
70 55 88 339 385 386 
33 46 89 270 387 388 
38 49 90 280 389 390 
46 47 91 273 391 392 
89 46 91 387 392 393 
47 79 91 362 394 391 
76 74 92 354 395 396 
72 78 93 359 397 398 
72 93 77 398 399 356 
55 44 88 294 400 385 
56 33 89 296 388 401 
74 75 92 352 402 395 
88 44 84 400 376 403 
48 82 52 370 404 288 
90 49 85 389 378 405 
38 90 54 390 406 292 
80 70 94 363 407 408 
90 85 95 405 409 410 
53 60 96 309 411 412 
82 77 97 371 413 414 
84 59 98 375 415 416 
52 82 99 404 417 418 
82 97 99 414 419 417 
54 90 100 406 420 421 
90 95 100 410 422 420 
59 58 98 305 423 415 
78 76 101 368 424 425 
56 89 102 401 426 427 
92 75 103 402 428 429 
70 88 94 386 430 407 
76 92 104 396 431 432 
76 104 101 432 433 424 
58 57 105 302 434 435 
58 105 98 435 436 423 
88 84 106 403 437 438 
94 88 106 430 438 439 
84 98 106 416 440 437 
57 62 107 316 441 442 
105 57 107 434 442 443 
62 52 107 317 444 441 
75 81 103 367 445 428 
71 87 108 383 446 447 
69 83 109 373 448 449 
69 109 86 449 450 379 
53 96 110 412 451 452 
53 110 79 452 453 360 
54 100 61 421 454 313 
60 61 111 312 455 456 
60 111 96 456 457 411 
83 71 108 374 447 458 
52 99 107 418 459 444 
89 91 102 393 460 426 
56 102 112 427 461 462 
56 112 81 462 463 365 
85 86 113 381 464 465 
85 113 95 465 466 409 
87 80 114 384 467 468 
92 103 115 429 469 470 
104 92 115 431 470 471 
80 94 114 408 472 467 
93 78 116 397 473 474 
78 101 116 425 475 473 
77 93 117 399 476 477 
77 117 97 477 478 413 
108 87 118 446 479 480 
110 96 119 451 481 482 
105 107 120 443 483 484 
107 99 120 459 485 483 
115 103 121 469 486 487 
100 95 122 422 488 489 
98 105 123 436 490 491 
106 98 123 440 491 492 
105 120 123 484 493 490 
103 81 124 445 494 495 
121 103 124 486 495 496 
81 112 124 463 497 494 
114 94 125 472 498 499 
104 115 126 471 500 501 
102 110 127 504 502 503 
112 102 127 461 503 505 
110 119 127 482 506 502 
101 104 128 433 507 508 
99 97 129 419 509 510 
99 129 120 510 511 485 
83 108 130 458 512 513 
61 100 111 454 514 455 
87 114 118 468 515 479 
94 106 131 439 516 517 
125 94 131 498 517 518 
106 123 131 492 519 516 
122 95 132 488 520 521 
95 113 132 466 522 520 
101 128 133 508 523 524 
101 133 116 524 525 475 
86 109 134 450 526 527 
86 134 113 527 528 464 
83 130 109 513 529 448 
118 114 135 515 530 531 
100 122 111 489 532 514 
128 104 126 507 501 533 
110 102 91 504 460 534 
114 125 135 499 535 530 
126 115 136 500 536 537 
93 116 117 474 538 476 
110 91 79 534 394 453 
136 115 121 536 487 539 
117 142 97 541 540 478 
119 96 111 481 457 542 
130 108 137 512 543 544 
108 118 137 480 545 543 
126 136 137 537 546 547 
111 122 119 532 548 542 
117 116 138 538 549 550 
120 129 123 511 551 493 
126 137 128 547 552 533 
135 125 138 535 553 554 
130 137 136 544 546 555 
118 135 133 531 556 557 
137 118 128 545 558 552 
136 121 139 539 559 560 
119 122 140 548 561 562 
119 140 127 562 563 506 
128 118 133 558 557 523 
134 109 130 526 529 564 
138 116 133 549 525 565 
132 113 134 522 528 566 
122 132 140 521 567 561 
123 129 131 551 568 519 
112 127 141 505 569 570 
124 112 141 497 570 571 
127 140 141 563 572 569 
130 136 134 555 573 564 
133 135 138 556 554 565 
129 97 142 509 540 574 
121 124 143 496 575 576 
129 142 131 574 577 568 
138 125 142 553 578 579 
140 132 143 567 580 581 
125 131 142 518 577 578 
121 143 139 576 582 559 
134 139 132 584 583 566 
138 142 117 579 541 550 
140 143 141 581 585 572 
143 124 141 575 571 585 
134 136 139 573 560 584 
143 132 139 580 583 582 
Coordinate table 
902
0 0 -10
0 0 10
3.24699 -5.79146e-16 -9.45817
6.14213 -4.83209e-16 -7.89141
8.37166 -3.34909e-16 -5.46948
9.694 -1.50317e-16 -2.45485
9.96584 5.05653e-17 0.825793
9.15773 2.45968e-16 4.01695
7.35724 4.14715e-16 6.77282
4.75947 5.38522e-16 8.79474
1.64595 6.03972e-16 9.86361
1.04389 -2.61525 -9.59535
4.34859 -2.73555 -8.57942
7.02667 -2.77425 -6.55206
8.82474 -2.80856 -3.77305
9.56709 -2.85058 -0.58732
9.20559 -2.86356 2.65654
7.82543 -2.76067 5.58044
5.58862 -2.61418 7.86978
2.8153 -2.49662 9.26504
0.0672205 -2.36529 9.71601
1.33356 2.78191 -9.51223
4.50319 2.8943 -8.44655
7.15168 2.89261 -6.36289
8.909 2.92436 -3.4753
9.55794 2.93321 -0.205218
9.15065 2.72102 2.97685
8.05936 2.13814 5.52042
5.95531 2.75996 7.54433
3.10442 2.84264 9.07094
0.270734 2.39898 9.7042
-2.66988 -1.41577 9.53244
2.17335 -5.11324 -8.31452
8.2701 -5.31467 -1.83298
8.30961 -5.44257 1.15277
7.40998 -5.35728 4.04866
5.73954 -5.05819 6.4399
3.306 -4.83243 8.10667
5.23655 5.39256 -6.59537
7.32246 5.39779 -4.15277
8.22987 5.57452 -1.09266
8.12996 5.40022 2.17745
7.13684 4.65861 5.23096
3.90404 5.68653 7.24029
-2.58769 -1.59687 -9.52648
5.05701 -5.19716 -6.88595
7.12447 -5.2597 -4.64515
2.39933 5.48608 -8.00913
0.521109 -4.7493 8.78479
-1.18669 -4.88261 -8.64592
-2.35774 -4.10778 8.80722
3.0932 7.56407 -5.76341
6.64604 -7.46541 -0.312905
3.50969 -6.67526 6.56681
0.611822 5.04524 8.61227
0.264468 -7.23525 -6.89791
6.22545 7.58669 -1.91988
6.3548 7.63488 1.15109
5.66912 7.05647 4.25057
6.18243 -7.48228 2.40687
4.94728 -7.27196 4.75846
5.37503 7.15445 -4.46351
-0.777685 5.12582 -8.55109
-1.94568 2.12623 -9.57567
-1.97064 3.80033 9.03737
-2.59845 1.35077 9.56156
-4.9026 3.24485 8.08922
-5.14183 -0.00879384 8.5768
-5.00089 -2.91445 8.15457
-2.59169 5.98081 7.58374
-7.05895 1.22326 6.97673
-3.80587 4.28115 -8.19678
-4.85664 1.28142 -8.64702
-5.53115 -1.53274 -8.18884
-4.45246 -4.30992 -7.84858
-7.41801 0.319681 -6.69858
-2.7393 6.94485 -6.65321
-6.56911 3.36707 -6.74608
6.44671 -7.13718 -2.73872
-5.3139 5.68927 6.27652
-2.95413 -6.94208 -6.56359
0.193049 7.54873 -6.55587
-7.28879 -1.53144 6.67295
2.85807 7.95733 5.3397
-1.76504 -6.47514 7.41331
-4.52821 -5.53814 6.98744
-7.54541 3.56037 5.51277
0.202128 7.40759 6.71467
2.99052 -6.97197 -6.51525
1.03583 -6.85382 7.20779
4.87295 -7.36713 -4.68825
-7.25449 -2.99871 -6.19516
-5.2151 5.81156 -6.24728
-3.36204 8.08364 4.83233
-0.979912 -8.39498 5.34454
4.59097 -8.85447 0.72212
-1.9128 8.86067 -4.22252
3.59667 8.90529 2.78563
1.0521 9.10048 -4.00929
2.01863 -8.33692 5.14012
-8.66611 2.47087 -4.33513
2.0533 -8.64519 -4.58745
-6.05316 -5.96778 -5.26734
-9.05682 -0.917689 -4.13906
4.12135 9.11037 -0.124998
0.283491 9.15154 4.02106
3.80819 8.72084 -3.0732
-8.85767 0.417112 4.62252
-6.7092 -4.15979 6.13863
4.05602 -8.91608 -2.01298
3.3791 -8.93278 2.96429
-1.07444 -8.77791 -4.66838
-3.68854 -7.54522 5.4281
-6.85849 6.21435 3.78722
-8.42368 -4.28755 -3.26474
-7.20972 5.48771 -4.23143
-4.77994 7.73507 -4.16183
-9.23053 3.2025 2.13103
1.94586 -9.79691 0.483899
1.93172 9.69469 -1.51041
-6.82441 -7.02283 -2.02666
0.208636 -9.54388 2.9784
1.15691 9.86907 1.12385
-4.22274 -8.22526 -3.80966
-5.38378 8.28184 1.55758
-9.68888 -2.09039 -1.3251
0.70005 -9.73687 -2.1687
-9.84103 1.20289 -1.30657
-0.785043 9.87007 -1.40194
-8.60023 -3.15247 4.01223
-2.17236 9.6197 1.656
-3.52405 -8.94565 2.7489
-8.7864 4.53337 -1.49923
-6.504 -6.43037 4.04331
-7.79984 6.18352 0.962642
-8.71684 -4.8558 0.661669
-9.82742 -0.898409 1.61699
-6.61614 7.33598 -1.55243
-6.4024 -7.60432 1.08789
-1.3064 -9.9081 0.35052
-2.15977 -9.50015 -2.25445
-3.827 9.13798 -1.36066
-4.39602 -8.96096 -0.61342
4.19044 -2.9336 3.00666
4.74141 3.09015 -0.91141
4.61331 -4.29483 -1.00175
-0.175323 -5.60953 3.42613
-3.13965 2.10718 6.46746
-4.61124 -1.39425 4.55689
3.58791 -0.00790145 5.54267
-0.386888 -1.83766 6.82496
0.0777473 -3.41318 -0.305497
-4.78043 -3.94825 -1.12057
0.450262 0.406446 -0.70352
-1.04269 -6.71793 -1.09014
-1.07382 -1.21248 2.48152
-0.646382 -3.32944 -5.04572
-5.26577 2.30583 -1.44764
-0.44691 6.26901 -1.31296
-0.128293 3.91521 3.93459
0.0627983 1.78919 -5.75011
-5.75217 2.27223 3.44906
1.64595 -6.03972e-16 -9.86361
4.75947 -5.38522e-16 -8.79474
7.35724 -4.14715e-16 -6.77282
9.15773 -2.45968e-16 -4.01695
9.96584 -5.05653e-17 -0.825793
9.694 1.50317e-16 2.45485
8.37166 3.34909e-16 5.46948
6.14213 4.83209e-16 7.89141
3.24699 5.79146e-16 9.45817
0.825793 6.10232e-16 9.96584
2.17756 -1.3272 -9.66937
0.527307 -1.32106 -9.89832
5.32019 -1.38729 -8.3529
3.84356 -1.38426 -9.12748
2.7375 -2.71635 -9.22646
7.80403 -1.40602 -6.09264
6.67061 -1.40529 -7.31629
5.76959 -2.7946 -7.67477
9.38192 -1.42286 -3.15516
8.7186 -1.42394 -4.68598
8.03654 -2.83044 -5.23475
9.89446 -1.44397 0.120799
9.77368 -1.44647 -1.54369
9.32146 -2.8682 -2.20995
9.29926 -1.45012 3.37949
9.73445 -1.45399 1.76818
9.51389 -2.89589 1.04867
7.68078 -1.3966 6.24941
8.62013 -1.40123 4.87134
8.62913 -2.84964 4.17345
5.22909 -1.321 8.4209
6.5652 -1.32573 7.42567
6.79478 -2.72259 6.81311
2.25315 -1.26091 9.66092
3.83679 -1.26459 9.14767
4.25359 -2.5868 8.67268
0.0338514 -1.19113 9.92875
0.8654 -1.19482 9.89058
1.45547 -2.45492 9.5841
0.675062 1.40823 -9.87731
2.32364 1.41122 -9.62337
3.92939 1.46743 -9.0778
5.39997 1.46817 -8.28763
2.96009 2.87868 -9.10775
6.7465 1.46797 -7.23394
7.86715 1.46596 -5.99658
5.91196 2.93542 -7.51212
8.78219 1.48619 -4.54582
9.42253 1.48121 -3.00366
8.14757 2.95094 -4.9909
9.79496 1.49235 -1.35339
9.88414 1.48497 0.314173
9.36449 2.97034 -1.86637
9.71364 1.38263 1.93223
9.25287 1.37517 3.5346
9.47755 2.86436 1.40408
8.69637 1.07998 4.81734
7.77302 1.07805 6.19823
8.69237 2.45425 4.29177
6.74261 1.39788 7.25142
5.4299 1.39866 8.28009
7.08671 2.47679 6.60637
3.98662 1.44108 9.05705
2.40803 1.44097 9.59818
4.59031 2.83868 8.41849
0.967665 1.21116 9.8791
0.136379 1.20846 9.92578
1.70608 2.64954 9.49048
-1.35082 -0.716307 9.88242
-1.31526 -1.91076 9.72723
3.30445 -3.97671 -8.55958
1.62735 -3.90925 -9.05922
9.02418 -4.13096 -1.22448
8.66022 -4.11521 -2.84001
8.86593 -4.20444 1.92822
9.06767 -4.20656 0.286813
8.384 -5.4397 -0.343972
7.70746 -4.1068 4.87128
8.42855 -4.17017 3.40134
7.9518 -5.46314 2.63116
5.72188 -3.87534 7.22785
6.87214 -3.96111 6.08961
6.64658 -5.26463 5.30157
3.08794 -3.69719 8.7633
4.50504 -3.77164 8.09193
4.57307 -5.00031 7.35418
4.93321 4.19732 -7.61879
6.27279 4.1952 -6.56143
7.34047 4.20442 -5.33295
8.20959 4.2092 -3.85815
6.36209 5.46613 -5.44475
8.714 4.32113 -2.32251
9.00176 4.30545 -0.656811
7.87744 5.5576 -2.65688
9.0006 4.24052 1.00358
8.73761 4.10635 2.60617
8.29193 5.56251 0.549822
8.27823 3.75075 4.17167
7.66827 3.42976 5.42534
7.73918 5.09911 3.75554
6.63246 3.75824 6.47194
5.01091 4.29285 7.51413
3.55837 4.33047 8.28161
-0.786007 -2.14455 -9.73566
-1.30944 -0.808056 -9.88091
6.11772 -4.03576 -6.80339
4.75923 -4.01394 -7.82547
3.66294 -5.22331 -7.70064
8.07268 -4.08374 -4.26086
7.16409 -4.06723 -5.66864
6.1628 -5.29029 -5.83376
7.7876 -5.34922 -3.27707
3.50123 4.25085 -8.34696
3.86686 5.50902 -7.39582
1.89194 4.19046 -8.88035
0.296681 -3.58772 9.32953
1.69069 -3.67179 9.14656
1.93353 -4.84088 8.5339
0.500548 -5.07105 -8.60429
-0.0724062 -3.80166 -9.2489
-1.91995 -3.29598 -9.24393
5.63094 5.27611 6.36044
-1.15947 -3.27668 9.37651
-0.928468 -4.4775 8.89325
-2.53891 -2.78935 9.2614
2.78069 6.60687 -6.97259
4.21794 6.56086 -6.25812
7.56347 -6.5279 0.42474
7.54895 -6.46791 -1.08602
3.43286 -5.79608 7.3906
4.66921 -5.92329 6.56606
2.29593 5.4562 8.05969
1.88488 4.00072 8.96892
1.23468 -6.25414 -7.70463
-0.467405 -6.1416 -7.87796
6.86889 6.58323 -3.07888
7.30804 6.65379 -1.52302
7.41185 6.71294 0.0296917
7.32712 6.59381 1.68374
6.36577 7.70231 -0.389017
7.01534 6.33288 3.26796
6.47513 5.92355 4.79419
6.09176 7.44318 2.73668
4.87217 6.48543 5.84817
6.8715 -6.49091 3.26353
7.34076 -6.54692 1.80309
6.47616 -7.54599 1.05709
5.40011 -6.2305 5.65859
6.25923 -6.39699 4.461
5.61491 -7.44348 3.61489
4.2589 -7.02377 5.70337
5.35739 6.33452 -5.58321
6.40483 6.33156 -4.3462
5.8545 7.43952 -3.22155
4.27201 7.42512 -5.15922
0.281793 4.00873 -9.157
0.821698 5.37711 -8.39116
-0.310434 2.48913 -9.68028
-1.38153 3.67888 -9.1955
-0.983328 1.07457 -9.89335
-2.30825 0.269535 -9.72622
0.445935 3.76139 9.25489
-0.686658 4.46996 8.91896
-0.857963 3.12886 9.45908
-2.30383 2.59729 9.37798
-1.1777 1.89718 9.7475
-1.3137 0.682911 9.88978
-3.47953 3.56657 8.67021
-3.8035 2.33027 8.95004
-2.65975 -0.0328164 9.63974
-3.91586 0.678915 9.17633
-3.95056 -0.720436 9.15828
-5.09195 1.6405 8.44872
-5.12704 -1.47767 8.45754
-3.88215 -2.19151 8.95132
-3.72064 -3.55055 8.57615
-1.00538 5.59904 8.22435
-2.30213 4.93552 8.38694
-3.80996 4.69016 7.96785
-6.05677 2.26244 7.62869
-6.16039 0.613203 7.85325
-2.91243 3.24452 -8.99949
-2.321 4.76346 -8.48071
-3.44471 1.72564 -9.22801
-4.38815 2.81782 -8.53253
-3.79008 -0.160601 -9.25254
-4.11355 -1.58567 -8.97577
-5.25054 -0.127032 -8.50974
-3.58173 -3.00512 -8.83971
-5.04888 -2.95473 -8.11039
-2.86148 -4.66457 -8.36981
-6.55045 -0.613638 -7.53094
-6.22575 0.812084 -7.78335
-3.31689 5.689 -7.52553
-1.78263 6.11818 -7.7065
-5.79231 2.35656 -7.80357
-5.25746 3.87569 -7.5722
6.5963 -7.35697 -1.53745
7.42806 -6.28486 -2.30749
6.85115 -6.25833 -3.72761
-3.99907 5.90336 7.01126
-5.16955 4.52067 7.26907
-1.36293 -7.1841 -6.82137
-2.10137 -6.00077 -7.71848
-3.75444 -5.7037 -7.30561
-7.08274 1.86688 -6.80805
-0.296344 6.42455 -7.65751
1.31479 6.6109 -7.38697
-1.28765 7.32946 -6.67989
-6.29895 -0.780481 7.72749
-6.21788 -2.24937 7.50188
-7.24424 -0.155604 6.89179
4.31735 7.60155 4.8556
3.42352 6.90762 6.36901
-2.08205 -5.34449 8.19155
-0.629961 -5.68434 8.20313
-4.81581 -4.27176 7.65245
-3.48714 -4.88483 7.99864
-3.18139 -6.07301 7.27993
-6.33359 3.46252 6.92074
-7.37483 2.41561 6.30688
-6.51236 4.68431 5.97047
0.411816 6.30048 7.75463
-1.21093 6.78467 7.24582
4.06232 -6.14287 -6.76481
2.60602 -6.09898 -7.48406
0.785552 -5.85435 8.06905
2.1987 -5.91792 7.75525
6.07134 -6.38985 -4.7232
5.02548 -6.35869 -5.85761
3.96679 -7.23346 -5.65169
5.70516 -7.31023 -3.74322
-6.46675 -2.29193 -7.27517
-7.44205 -1.35883 -6.53984
-5.95236 4.63625 -6.56312
-4.55703 5.09842 -7.29655
-4.01542 6.4395 -6.51223
2.09799 6.69028 7.13012
1.64328 -7.1725 -6.77162
-5.94564 -3.71185 -7.13243
1.5481 7.77282 6.09808
1.66201 7.64325 -6.23044
-0.368323 -6.7324 7.38506
2.29164 -6.82072 6.9445
-3.02483 7.14554 6.30806
-4.40243 6.98879 5.63697
-1.38744 -7.51613 6.44847
0.0283116 -7.72064 6.35538
5.43622 -8.24346 1.57888
5.66994 -8.23463 0.206481
-2.35647 8.00613 -5.50899
-0.87262 8.32632 -5.46908
4.69107 8.08109 3.56228
3.26 8.51655 4.10374
0.63021 8.42667 -5.34735
2.09799 8.43414 -4.94608
-0.435211 9.08211 -4.16244
1.54164 -7.66702 6.23219
2.78874 -7.57283 5.90552
0.525327 -8.46208 5.30257
5.0514 8.39584 1.99829
-8.16307 1.41627 -5.59987
-7.72469 2.96001 -5.6185
2.54555 -7.88177 -5.60338
1.17444 -8.0468 -5.81976
-5.33324 -5.21753 -6.65838
-6.74828 -4.54689 -5.81261
-1.61402 7.91259 5.89796
-8.27875 -1.98776 -5.2451
-8.35058 -0.303111 -5.49326
-8.99367 0.788179 -4.30031
5.23911 8.45457 -1.03542
5.29662 8.46621 0.51878
3.90212 9.10846 1.34518
1.59037 8.66112 4.73875
0.245999 8.3883 5.43837
-1.56915 8.78487 4.51262
1.97129 9.17364 3.45809
4.63139 8.00641 -3.801
5.07073 8.24138 -2.52337
4.00984 9.01696 -1.61728
3.49057 8.23655 -4.46936
-4.57413 -6.55596 -6.00805
-8.33164 2.02029 5.14803
-8.05379 0.830023 5.8692
-7.06581 -2.87278 6.46695
-5.91852 -3.57547 7.22407
-5.67124 -4.89431 6.62441
4.36611 -8.97286 -0.651794
5.43107 -8.31326 -1.18034
5.31423 -8.12271 -2.40429
3.52668 -7.90241 5.01142
4.2078 -8.18919 3.90275
4.84337 -8.315 2.72075
4.01782 -8.9668 1.85837
-8.18093 -0.564597 5.72308
2.45675 9.00821 -3.58001
3.50542 -8.10394 -4.69449
0.495544 -8.82035 -4.68571
-0.409695 -8.09969 -5.8504
-2.04124 -7.96519 -5.69114
-4.14567 -6.60107 6.26413
-2.75724 -7.08846 6.4924
-2.35812 -8.0517 5.44146
-6.15472 6.01883 5.08853
-7.29831 4.95275 4.71221
-7.3538 -5.20939 -4.33404
-7.95545 -3.69721 -4.80016
-8.88035 -2.64434 -3.76124
-5.22116 7.30414 4.4033
-6.98822 4.49088 -5.56747
-6.27666 5.70806 -5.29354
-8.05178 4.03637 -4.34472
-5.04979 6.84416 -5.25899
-3.81238 7.44298 -5.48341
-3.38679 8.39811 -4.24281
-8.5432 3.44401 3.89263
-9.2079 1.84259 3.43793
3.30135 -9.41967 0.609086
3.04489 -9.49352 -0.775739
2.89508 9.28837 -2.31187
3.05359 9.48657 -0.825013
1.50585 9.48539 -2.78564
-6.53937 -6.59676 -3.70397
-7.73678 -5.73881 -2.68482
-0.389718 -9.06432 4.2055
1.12696 -9.0474 4.10785
2.67592 9.62201 0.506387
2.40597 9.50242 1.97874
0.729069 9.62741 2.60413
1.55914 9.87578 -0.195137
-3.63807 -7.68857 -5.25836
-5.20722 -7.1922 -4.59969
-5.60396 -7.735 -2.96063
-2.68562 -8.62045 -4.29829
-4.45642 8.339 3.25597
-6.21044 7.35383 2.71139
-9.17389 -3.23038 -2.32472
-9.48852 -1.5226 -2.76579
2.41441 -9.46912 -2.12282
1.3922 -9.2947 -3.41618
3.09641 -8.90063 -3.34531
-0.189656 -9.37914 -3.4635
1.3374 -9.87351 -0.851596
-9.60799 0.145003 -2.76865
-9.39752 1.86546 -2.86473
-1.36654 9.48768 -2.84896
0.135364 9.61555 -2.74277
0.578735 9.87444 -1.46988
-8.87642 -1.39079 4.39032
-8.06048 -2.37614 5.42058
2.72259 -8.71075 4.08783
-8.22584 4.81456 3.02583
-0.958734 9.52774 2.88151
-2.81644 9.00917 3.30189
-3.83661 9.08945 1.63168
-0.515137 9.88665 1.41022
-2.29101 -8.82059 4.11685
-1.68825 -9.41511 2.91642
-3.64834 -8.34157 4.13616
-9.45959 2.91305 -1.42487
-8.86372 3.55729 -2.96313
-8.10892 5.07998 -2.90504
-6.68723 -5.35971 5.1531
-5.61065 -6.08683 5.60991
-5.1684 -7.0867 4.80273
-7.74342 -3.6985 5.13425
-7.41176 6.26879 2.40169
-8.64919 4.76686 1.57118
1.81771 -9.36113 3.01084
-9.90039 -0.449902 -1.33408
4.52266 -8.24769 -3.39428
-6.68088 7.3304 1.27714
-8.745 -4.66489 -1.32807
-9.3506 -3.52885 -0.337039
-6.07868 6.70386 -4.25533
-7.92575 -6.05788 -0.696119
-2.91368 9.13662 -2.83418
-4.36233 8.55193 -2.79902
2.69279 -9.47145 1.74372
-9.4823 -0.244248 3.16643
-9.35913 -2.05738 2.859
-9.74373 1.17801 1.91625
-9.48568 -2.94337 1.16557
-9.88368 -1.51362 0.147825
1.09 -9.78487 1.75164
-7.0095 6.50141 -2.93233
-5.77315 7.63485 -2.89479
0.188338 9.99723 -0.140843
-9.99756 0.154771 0.157789
-6.09271 7.92962 0.00261527
-7.29099 6.83758 -0.298289
-8.81577 -4.07685 2.37939
-8.39615 5.42502 -0.271625
-9.18404 3.94332 0.322059
-9.7348 2.24867 0.420834
-6.69952 -7.4088 -0.475497
-7.68647 -6.3346 0.889457
-0.555398 -9.84149 1.68423
0.324059 -9.9858 0.422854
-0.307193 -9.95274 -0.921145
-7.69922 -4.88476 4.10623
-7.82518 6.03016 -1.55038
-5.1233 -7.85557 3.47012
-2.45101 -9.56657 1.57267
-1.50011 9.886 0.128868
-0.7375 -9.71916 -2.23472
-1.63254 -9.22625 -3.49445
-3.22489 -8.95611 -3.06401
-1.74997 -9.79865 -0.961239
-7.79594 -5.78065 2.40984
-2.33477 9.62252 -1.39852
-4.36869 -8.71138 -2.24198
-5.69375 -8.11089 -1.33969
-3.04599 9.52363 0.149945
-4.67409 8.83984 0.0999269
-5.29531 8.35331 -1.47712
-4.02114 -9.09147 1.08422
-2.89262 -9.57157 -0.133359
-5.45932 -8.37486 0.239876
-5.04487 -8.41112 1.94995
-6.53644 -7.10787 2.59869
-3.31111 -9.32408 -1.44847
-0.844535 -5.02368 -3.06793
-0.284317 -3.37131 -2.67561
1.98346 -3.81214 -3.02374
-0.482471 -5.06555 -0.697819
1.78531 -5.50638 -1.04595
2.34553 -3.85401 -0.653625
-3.86728 -5.44517 -3.84208
-1.80025 -5.13576 -5.80466
-1.99841 -6.83 -3.82686
-2.71341 -3.63884 -3.08315
-2.91156 -5.33309 -1.10536
0.505306 -7.68156 -2.83879
0.70346 -5.98731 -4.81659
3.3333 -6.47001 -2.7946
7.15365 -2.14742 -1.7283
7.0902 -3.57271 -0.794537
6.71903 -3.5517 -2.3874
-6.64879 2.9163 4.48091
-6.40556 1.74774 5.2129
-7.30492 1.34467 4.03579
6.46146 -4.8687 0.0755056
5.62967 -5.88012 -0.65733
5.39787 -5.88856 0.702559
-1.76327 0.13476 6.64621
-2.86905 1.72897 8.01451
-1.43446 2.25308 8.08583
-1.49267 -0.243445 8.19326
-0.0580769 0.280662 8.26458
1.25705 -0.610191 4.01209
1.72981 1.95366 4.73863
1.60051 -0.92278 6.18382
-0.601058 1.35137 3.20806
-0.730355 -1.52507 4.65324
-0.25759 1.03878 5.37978
-4.69584 -2.67125 1.71816
-2.39328 -3.50189 3.99151
-2.84253 -1.30337 3.5192
-2.47788 -4.77889 1.15278
-2.92713 -2.58037 0.680474
-0.624573 -3.411 2.95382
2.32035 -1.26358 1.15157
2.59584 1.7483 -0.807465
2.53178 -1.94419 -0.852637
4.46592 0.0782724 1.04763
4.40187 -3.61422 1.00246
4.67736 -0.602343 -0.956582
1.56534 -5.22098 5.7664
-0.281105 -3.72359 5.12554
1.7063 -2.80871 4.4844
1.45955 -3.33504 7.46581
3.44695 -2.42016 6.82467
-0.12693 6.90887 -3.93442
-1.17985 7.56484 -2.76774
-1.5931 6.60693 -3.98309
-2.94023 3.09372 3.69183
-2.36977 1.26048 4.24574
-2.69703 3.11052 1.24348
-5.18171 0.43899 4.00297
-5.50897 2.28903 1.00071
-4.93851 0.455791 1.55463
-0.171319 -8.2274 -1.62942
0.451587 -8.25742 -0.303121
-1.17454 -8.31301 -0.369811
-3.33966 -6.01995 3.73472
-3.28886 -6.60693 2.25701
-5.64221 -5.18931 1.46137
-5.59142 -5.77629 -0.016341
-2.95608 -0.511801 -3.24668
-6.26013 -0.34644 -3.8214
-5.0231 -0.821209 -1.2841
-3.95044 -3.16408 -5.62044
-6.01746 -3.47348 -3.65787
2.13409 -3.17339 1.35058
-0.498038 -2.31283 1.08801
0.264005 -1.50337 -0.504508
1.55831 -2.07304 2.74409
-0.31178 -0.403017 0.888999
-4.44591 2.18971 4.95826
-5.0993 1.66522 6.7221
-5.34253 2.83377 5.99011
0.198754 -2.97235 -7.32054
-1.61704 -2.46315 -7.2861
-0.916538 -4.10602 -6.84582
-6.91863 -2.43297 -2.62981
-7.1613 0.694073 -2.79335
1.21421 -2.16714 8.045
0.629529 -0.918829 8.34429
3.20161 -1.25226 7.40386
2.61693 -0.00395072 7.70314
3.50427 4.28691 4.58278
2.77041 5.48584 4.09258
2.30656 3.50268 1.51159
5.93912 3.87438 2.15977
5.20526 5.07331 1.66958
-4.80607 -2.15435 6.35573
-4.87654 -0.701524 6.56684
-5.95002 -1.46285 5.61492
-7.5534 1.75436 -1.3771
-7.5466 0.703713 0.0846784
-7.24815 2.75417 0.341697
5.54811 5.36252 0.11984
4.16904 5.99772 0.93711
-5.32478 5.29384 0.0549722
-2.91535 7.27542 0.12231
-2.85634 4.28742 -1.3803
-5.94096 4.82091 -1.50003
-3.53153 6.8025 -1.43269
-2.55515 2.95375 7.75242
-2.83101 6.04029 -3.78012
-2.57615 3.80038 -5.99869
-0.192056 4.0291 -3.53153
-1.33825 4.36702 -6.20166
6.82521 3.00726 -2.19336
5.94654 2.99138 -3.63715
6.55654 1.54507 -3.19045
-2.69389 -2.37606 7.48977
-1.52838 -1.62671 8.1787
-2.49907 -1.61596 5.69092
-3.64056 -1.40501 7.04466
-1.93193 -6.57738 4.42711
-0.577617 -7.00225 4.38533
-0.970183 -6.04233 5.41972
-4.0322 -1.50488 -5.87215
-6.34189 1.31276 -4.07311
-3.67761 1.05444 -6.22434
-0.291792 -0.770121 -5.39792
-2.60149 2.04751 -3.59887
-5.8351 -0.0854991 5.76681
-6.73446 -0.488571 4.5897
-2.73418 0.128226 -6.96947
-2.39692 1.53531 -7.19857
4.77161 1.37603 6.5435
3.34617 1.41737 7.3068
3.74597 2.83932 6.39148
1.48807 3.37892 6.50277
1.88787 4.80087 5.58744
0.921654 -6.97322 4.28313
0.0166569 -7.5767 3.20227
-0.193444 -0.918829 8.41248
0.0369175 5.6614 5.32463
0.241764 4.48023 6.27343
6.01164 -4.82606 1.52345
4.60214 -6.57465 -0.139817
0.430254 -6.23167 5.31696
-1.90448 7.17633 1.75968
-0.0817092 7.71028 1.35405
-1.30963 7.94435 0.171518
-5.55762 -3.91231 4.3001
-6.60574 -2.27336 4.28456
-5.66022 -2.77702 5.34776
-6.96594 2.38835 -2.89138
1.68064 7.49493 -2.19308
0.742407 7.98185 -1.41169
0.302597 7.68474 -2.66112
-3.1698 0.546677 0.516941
-2.40776 1.35614 -1.07558
0.160985 2.16083 1.61554
-3.08877 -2.43109 -6.61728
-1.26245 0.0961646 -7.6383
-6.30533 4.24329 3.61814
-6.06213 4.26009 1.16979
-7.49135 2.73737 2.79004
-2.86567 4.044 7.0256
-4.02112 2.67602 7.27834
0.553344 -0.41303 -7.67273
6.4417 -4.80475 -1.41737
5.53001 -5.71601 -1.87024
5.86889 -4.77727 -2.82345
-5.91744 2.83645 -4.09686
-5.24044 4.0587 -3.84746
-6.23775 3.89677 -2.83953
-0.0487876 -4.51135 1.56032
2.21899 -4.95218 1.21219
-0.609006 -6.16373 1.16799
2.283 2.34175 -7.09833
1.6549 0.894597 -7.60414
0.698178 2.28555 -7.63117
-3.87545 0.356463 5.51217
7.07814 -1.4668 1.91623
7.35363 1.54507 -0.0428084
7.28958 -2.14742 -0.0879804
-4.50158 -6.08676 -2.46512
-2.63271 -7.4716 -2.4499
3.60724 2.3409 -6.0565
2.4021 2.43967 -3.33076
2.64967 3.59088 -6.17274
4.98898 4.24135 -3.75339
3.19014 -3.05184 -5.79889
5.81999 -3.53454 -3.77691
2.20531 -4.2633 -5.96584
4.83516 -4.74599 -3.94385
-1.87154 3.03517 -6.97344
-0.941442 1.95771 -7.66289
-4.56973 -3.4662 5.77216
-2.35176 -5.57383 5.20678
4.74313 -5.83098 -2.845
-0.190957 -5.28234 -5.97182
1.17207 -5.1507 -5.78049
0.763486 -4.22134 -6.68012
5.36237 2.32535 5.38681
4.16466 1.54112 2.31563
4.33467 -6.60546 -1.50737
3.27958 -7.04587 -0.258928
-6.74864 -4.40203 -0.229451
6.48564 4.33233 -1.00204
6.43569 4.24518 0.633021
1.73419 6.41025 3.36011
-0.287601 5.09211 1.31082
1.57488 7.58715 0.736335
2.14725 4.67958 -1.11218
2.00756 -4.27157 3.2164
3.88918 -1.47075 4.27467
-7.47733 0.107723 -1.38637
-7.23465 -3.01932 -1.22283
-6.60205 -4.1179 -2.19266
3.80191 -5.6334 -3.7585
-1.05856 -7.74792 -2.87926
-0.86041 -6.05368 -4.85705
3.9962 -6.61381 0.981269
3.74822 -3.88302 5.55667
4.96499 -3.9959 4.72328
4.66373 -2.53305 5.99128
-6.53281 4.24468 -0.242497
-7.7898 0.686912 2.53303
6.69801 -2.89858 2.8316
6.90945 -3.5792 0.827395
6.67409 -1.4668 3.51181
6.00793 -2.84714 4.29355
6.37282 -0.00395072 4.77981
5.70667 -1.38429 5.56156
0.00167629 3.33773 -1.00824
1.50667 -7.81701 -1.55156
5.82364 1.06512 5.53154
5.05822 5.1223 -2.68746
3.91731 5.32711 -3.33741
-5.02286 5.02045 -2.80473
-2.61342 7.00204 -2.7374
6.40039 2.61415 2.30451
1.85111 -3.03249 -6.81257
-7.30393 -2.42333 0.248211
-7.21933 -1.14633 3.08694
-6.69033 -3.55036 1.44583
-3.25315 2.57813 -6.2481
6.94603 2.90558 1.03272
6.94957 1.54507 1.55277
4.7803 -5.7834 1.87835
6.03193 4.24397 -2.53209
4.58826 -1.31104 6.70622
4.17369 -0.00395072 7.1687
1.60189 -7.27116 3.19521
-2.71935 -7.83944 -0.851781
-1.60123 -8.10904 -1.6723
5.47258 -0.00395072 6.15774
-3.49339 5.06478 3.86091
-5.4168 -4.95801 -3.19396
-0.357444 3.45751 -7.1506
1.23107 3.63764 -6.87962
2.01909 0.199272 2.41957
-0.615976 8.06954 -1.35745
-5.53303 3.98075 4.86279
-4.22677 3.89822 6.37199
2.38598 -6.44074 4.09229
1.83722 7.68969 -0.718979
4.43138 6.10026 -0.518204
-1.35999 4.94801 5.75917
-1.63397 3.0112 5.20103
-1.26391 3.57621 7.53987
0.355 8.06904 -0.0945555
-4.14074 1.04919 7.52213
7.14967 3.01168 -0.558314
0.0313992 0.894597 -7.87505
7.21771 1.54507 -1.68313
-2.90476 0.345705 7.99995
5.48343 5.33842 -1.41564
4.2748 5.9055 -1.99231
-0.0980597 -1.4615 -2.87462
2.2057 -0.473177 -7.16477
3.10246 0.894597 -6.82076
0.127924 4.66896 -6.15299
4.56886 -5.10278 3.88256
-2.75604 6.09852 2.74609
-1.74517 5.99943 4.38346
5.44177 1.54507 -4.40141
-2.54942 -3.81968 -6.44715
-2.35134 -3.68071 -0.713034
3.85007 -4.80443 4.78674
-2.45755 -3.6879 6.9062
-1.84969 -7.27759 3.08751
-3.72254 -7.16113 -0.00112608
-4.58822 -6.4546 -0.866995
-0.740859 -7.75881 1.88832
-5.80242 -5.48554 -1.57361
1.36489 5.93627 4.63715
0.0775992 6.53338 3.97783
5.80021 -4.14544 3.52766
0.0712206 3.1571 6.8194
-7.02609 3.4196 -1.47343
1.32315 6.91654 -3.53818
-2.13695 7.7035 -1.33681
-2.28337 -7.83179 0.829377
-2.72109 4.80224 5.10556
-2.16508 -1.7709 -0.912045
3.54473 -0.492527 -6.15108
1.578 4.67663 -5.75676
2.33805 -1.25282 -3.37593
5.88404 0.15795 -3.73173
0.25653 1.09782 -3.22681
-0.159834 -2.10147 8.27049
0.0671104 -3.29348 7.80488
6.49249 -2.14742 -3.23562
0.324471 -4.34574 7.01638
-1.07597 -4.1564 7.11914
-1.37231 -2.97272 7.81609
1.92932 1.19554 7.62344
-3.34977 -4.64861 -5.15653
1.66719 -6.14239 4.99647
0.88527 -7.70322 1.95501
